((("msgs" .
   [1 0 0 0])
  ("lisp" .
   [0 0 0 1])
  ("stderr" .
   [1 0 0 0 0 0])
  ("pos2" .
   [1 0 0 0])
  ("posa" .
   [3 0 0 0])
  ("posb" .
   [3 0 0 0])
  ("pos1" .
   [2 0 0 0])
  ("keys" .
   [1 0 0 0])
  ("chr1" .
   [1 0 0 0])
  ("system" .
   [2 0 0 0 0 0])
  ("close" .
   [1 0 0 0 0])
  ("row" .
   [1 0 0])
  ("write" .
   [1 0 0 0 0])
  ("out" .
   [2 0 0])
  ("matrix" .
   [4 0 0 0 0 0])
  ("write_matrix" .
   [0 0 0 0 0 1 0 0 0 0 0 0])
  ("fname" .
   [3 0 0 0 0])
  ("crm" .
   [6 0 0])
  ("start" .
   [1 0 0 0 0])
  ("e" .
   [3])
  ("siz" .
   [1 0 0])
  ("py" .
   [1 0])
  ("add_TAD_def" .
   [0 0 0 0 1 0 0 0 0 0 0])
  ("no_heuristic" .
   [0 0 0 0 1 1 0 0 0 0 0 0])
  ("max_tad_size" .
   [0 0 0 0 0 0 1 0 0 0 0 1])
  ("n_cpus" .
   [2 0 0 0 0 0])
  ("exp" .
   [1 0 0])
  ("experiment" .
   [4 0 0 0 0 0 0 0 0 0])
  ("tads" .
   [1 0 0 1])
  ("r" .
   [1])
  ("pytadbit" .
   [2 0 0 0 0 0 0 0])
  ("s" .
   [1])
  ("experiments" .
   [2 0 1 0 0 0 0 0 0 0 4])
  ("self" .
   [6 0 0 0])
  ("size" .
   [2 0 0 0])
  ("plt" .
   [1 0 0])
  ("pyplot" .
   [1 0 0 0 0 0])
  ("matplotlib" .
   [0 0 0 0 0 0 1 0 0 0])
  ("padjust" .
   [10 0 0 0 0 0 1])
  ("epsilon" .
   [2 0 0 0 0 0 0])
  ("f0" .
   [2 0])
  ("args" .
   [1 0 0 0])
  ("func" .
   [1 0 0 0])
  ("isfile" .
   [1 0 0 0 0 0])
  ("os" .
   [1 0])
  ("f_name" .
   [3 0 0 0 0 0])
  ("numpy" .
   [0 0 0 1 0])
  ("heuristic" .
   [1 0 0 0 0 1 0 0 0])
  ("tadbit" .
   [2 0 0 0 0 0])
  ("obs" .
   [8 0 0])
  ("n_thread" .
   [0 0 0 0 0 0 0 1])
  ("verbose" .
   [1 0 0 0 0 0 1])
  ("speed" .
   [0 0 0 1 0])
  ("seg" .
   [1 0 1])
  ("n_threads" .
   [2 0 0 0 0 0 0 0 0])
  ("tadbit_py" .
   [3 0 0 0 0 0 0 0 0])
  ("py_tadbit" .
   [3 0 0 0 0 0 0 0 0])
  ("list" .
   [10 0 0 0])
  ("array" .
   [2 0 0 0 0])
  ("listSize" .
   [1 0 0 0 0 0 0 0])
  ("in" .
   [1 0])
  ("l" .
   [1])
  ("nums" .
   [6 0 0 0])
  ("PyFloat_AsDouble" .
   [0 0 0 0 0 0 0 0 0 0 1 0 0 0 0 0])
  ("PyFloat_AS_DOUBLE" .
   [1 0 0 0 0 0 0 0 0 0 0 1 0 0 0 0 0])
  ("PyInt_FromLong" .
   [0 0 0 0 0 0 0 0 1 0 0 0 0 0])
  ("printf" .
   [3 0 0 0 0 0])
  ("o" .
   [3])
  ("tmp" .
   [8 0 0])
  ("PyList_GetItem" .
   [0 0 0 0 0 0 0 0 0 0 1 0 0 0])
  ("PyObject" .
   [0 0 1 1 0 0 0 0])
  ("PyList_GET_ITEM" .
   [0 0 0 0 0 0 0 0 1 1 0 0 0 0 0])
  ("PyFloatObject" .
   [0 0 0 0 0 0 0 0 1 0 0 0 0])
  ("lolo" .
   [1 0 0 0])
  ("path" .
   [4 0 0 0])
  ("listdir" .
   [1 0 0 0 0 0 0])
  ("results" .
   [0 0 0 0 1 0 0])
  ("my_dic" .
   [1 0 0 0 1 0])
  ("line" .
   [1 0 0 0])
  ("atr1" .
   [1 0 0 0])
  ("atr2" .
   [1 0 0 0])
  ("atr4" .
   [1 0 0 0])
  ("Tree" .
   [1 0 0 0])
  ("tree" .
   [1 0 0 0])
  ("name" .
   [7 0 0 0])
  ("species" .
   [2 0 0 0 0 0 0])
  ("add_feature" .
   [1 0 0 1 0 0 0 0 0 0 0])
  ("alignment" .
   [0 0 0 0 0 1 0 0 0])
  ("lista" .
   [1 0 0 0 0])
  ("seq" .
   [1 0 0])
  ("remove_stop" .
   [0 0 0 0 0 0 1 0 0 0 0])
  ("lseq" .
   [4 0 0 0])
  ("Chromosome" .
   [2 0 0 0 0 0 1 0 0 0])
  ("msg" .
   [2 0 0])
  ("repo" .
   [2 0 0 0])))
